518
105
62
651
128
238
359
709
147
713
104
545
699
385
637
496
216
138
124
169
8
638
161
245
421
64
425
349
167
323
533
148
280
582
610
399
433
393
230
225
671
678
173
183
295
285
446
41
499
197
57
384
608
288
680
47
9
469
168
145
694
455
114
405
660
49
243
548
667
322
301
21
247
729
268
677
506
378
30
639
44
190
602
695
567
19
264
435
125
82
58
463
419
12
92
411
484
418
86
379
233
254
334
601
532
422
127
203
439
273
211
372
482
534
71
68
131
61
478
644
236
408
292
265
449
344
623
132
274
687
110
497
714
279
470
329
649
343
140
716
362
391
553
244
663
471
166
429
440
97
222
692
55
427
272
659
350
223
43
412
371
174
397
7
20
503
6
364
37
614
559
539
530
580
625
98
219
702
691
505
336
509
89
526
728
712
156
202
215
78
338
611
187
154
392
85
22
428
198
552
629
307
237
117
616
195
315
594
2
436
201
595
1
720
267
160
113
589
719
65
48
461
434
56
462
134
153
278
135
299
554
93
303
643
607
327
527
448
54
404
615
266
390
226
111
229
5
180
673
317
394
538
587
184
313
658
348
475
