43
33
65
109
57
83
33
49
129
131
17
143
185
137
149
16
197
183
160
39
87
29
101
45
21
45
45
115
25
61
77
27
115
2
131
19
177
91
131
2
71
143
13
19
197
2
163
179
43
131
45
175
31
145
71
56
36
54
199
135
114
97
125
143
93
53
16
109
21
17
117
27
199
91
181
169
61
131
57
52
149
77
199
167
135
83
199
57
199
33
19
196
85
31
13
189
133
95
35
51
150
185
37
61
77
109
9
149
54
84
65
5
23
21
183
109
36
150
167
157
131
161
33
30
31
97
129
85
39
173
195
53
23
32
72
41
199
93
199
0
105
147
183
27
47
69
7
48
199
146
31
161
197
74
75
139
45
15
101
165
193
187
187
39
59
164
199
59
53
15
22
155
49
117
162
115
11
115
24
89
43
155
169
56
199
15
125
197
185
35
63
33
89
197
68
165
163
145
79
37
43
157
37
39
19
67
93
93
19
101
21
175
158
101
80
14
19
25
177
177
71
33
52
79
195
133
18
21
19
177
48
55
179
33
51
87
163
16
165
167
17
141
141
189
98
23
85
183
85
199
37
181
41
127
15
177
95
24
104
101
129
49
49
63
67
71
45
123
17
26
54
141
15
140
4
149
131
77
19
199
33
171
145
99
199
117
81
35
131
75
97
153
51
173
29
165
157
39
119
81
199
33
60
199
157
59
199
199
43
111
57
45
191
115
197
89
127
19
14
19
69
171
133
45
87
111
93
36
71
89
193
199
147
57
59
81
195
67
197
115
47
149
23
95
159
29
67
58
85
79
20
37
155
43
2
87
99
189
91
28
51
27
195
194
55
129
39
21
109
81
187
59
195
75
129
67
31
13
97
121
190
75
39
51
69
51
158
21
25
63
51
27
147
114
198
135
65
167
61
29
197
13
73
79
87
37
41
141
139
9
89
147
43
30
197
100
149
133
35
46
29
161
79
90
143
171
161
161
95
63
53
127
131
35
37
131
95
25
129
77
163
154
169
191
41
77
171
19
109
41
101
71
33
14
39
65
63
17
159
41
119
25
181
155
189
151
90
16
107
131
18
107
147
185
51
151
93
181
17
55
25
191
21
19
31
29
93
39
119
79
43
155
163
51
55
196
197
25
20
89
51
193
45
117
139
23
21
137
30
118
19
57
47
53
51
75
191
179
49
195
113
109
45
59
105
187
13
169
139
115
185
139
73
196
115
132
199
199
43
102
29
61
133
138
87
117
34
67
92
25
77
193
161
119
43
61
75
197
137
179
40
2
32
149
78
39
35
79
171
62
89
159
175
71
107
49
25
27
99
195
183
87
49
49
33
178
125
88
169
49
189
117
189
155
77
119
31
17
199
69
10
153
43
31
25
37
37
92
199
69
13
35
197
45
109
45
165
141
154
107
171
179
119
29
145
81
66
47
67
93
21
11
144
196
97
173
15
48
97
57
129
7
26
17
109
117
27
89
77
199
13
119
41
196
181
139
141
49
177
51
77
136
37
149
163
75
105
15
179
13
183
25
188
163
43
107
21
186
23
41
15
50
169
32
197
147
199
177
168
77
53
156
185
24
63
129
93
95
21
161
57
65
106
109
65
13
75
129
39
91
191
179
145
153
41
144
199
27
189
49
67
21
57
43
141
137
71
27
161
74
88
173
33
137
17
35
199
49
67
160
17
25
35
61
177
25
195
2
89
199
197
77
35
95
23
112
152
181
177
195
61
49
77
175
34
135
13
151
99
96
129
179
53
75
15
157
31
189
47
187
41
21
191
157
43
193
171
91
63
61
187
115
15
111
3
180
194
111
29
66
91
185
197
81
181
131
17
151
72
155
85
57
113
147
25
188
175
141
94
199
41
161
164
79
57
91
28
31
38
31
20
191
45
41
51
75
107
45
19
83
101
145
105
111
193
89
21
13
99
197
48
137
61
175
69
101
15
73
195
170
185
147
13
193
84
39
51
51
111
197
187
56
35
21
13
17
171
193
143
73
189
18
15
183
135
79
175
57
171
41
41
91
195
66
187
187
17
154
171
153
197
57
36
33
149
199
75
75
31
31
187
127
45
35
197
33
193
173
171
11
35
115
179
23
189
197
13
177
29
75
19
167
199
16
193
24
135
95
51
181
45
55
197
175
44
197
83
43
43
67
58
171
199
198
124
59
101
153
101
35
47
45
111
109
199
22
13
24
23
77
185
63
95
81
30
53
139
88
39
119
7
199
103
191
19
147
121
37
199
27
179
33
49
45
167
91
196
67
131
15
196
173
187
99
31
155
31
182
65
15
121
173
107
28
25
163
199
101
107
131
199
43
49
101
43
75
199
45
57
125
113
21
159
41
18
143
97
199
20
111
21
47
29
17
37
17
31
159
23
129
125
159
95
129
117
34
66
51
27
71
64
39
85
37
159
151
191
199
130
139
191
145
52
81
199
67
69
16
127
39
167
81
49
14
16
31
173
31
17
196
36
107
199
25
25
39
137
99
196
19
43
87
79
133
193
181
157
95
101
179
33
49
197
33
73
110
151
45
8
185
59
21
69
31
2
43
199
33
109
121
12
35
137
21
123
89
23
93
42
199
47
123
23
43
5
93
41
48
9
127
93
14
29
35
143
121
47
73
189
41
99
51
85
123
44
19
167
173
95
18
145
27
193
49
37
29
179
113
87
75
53
151
127
133
25
61
23
37
74
71
21
189
155
47
118
47
33
191
21
173
175
57
179
126
184
89
130
59
44
199
63
163
109
19
35
95
73
83
185
199
143
177
51
192
187
57
133
15
135
31
98
185
185
31
115
37
69
141
24
23
86
34
116
41
131
35
17
111
175
117
47
73
175
45
77
42
20
195
185
107
151
159
61
27
123
137
61
43
13
53
165
28
101
95
133
137
168
95
160
140
83
61
55
189
41
49
29
183
69
59
23
86
143
199
49
109
17
103
35
27
13
153
165
47
65
26
13
161
73
129
63
52
37
25
83
18
35
55
137
4
21
27
13
73
133
11
127
77
29
73
23
179
33
91
28
117
127
87
59
111
77
49
161
41
55
33
199
129
134
61
147
135
147
50
153
69
63
23
27
71
57
46
199
89
185
91
175
105
31
19
61
87
19
17
25
123
59
65
79
197
25
55
63
197
141
11
161
15
53
31
89
97
57
127
29
31
0
37
112
175
177
197
43
177
69
177
84
3
171
147
25
187
111
91
66
19
47
57
111
155
105
167
149
91
51
179
177
107
23
123
105
66
93
71
53
53
189
127
32
177
57
50
150
179
109
197
143
17
102
161
71
199
199
109
65
197
37
91
23
137
199
142
141
9
175
83
27
116
189
47
93
55
159
23
33
30
160
105
73
136
91
25
47
33
193
125
199
68
175
99
101
43
63
27
96
113
20
89
113
93
17
35
23
149
165
106
198
163
131
129
179
13
195
177
198
27
49
86
27
163
47
187
45
83
9
48
198
79
161
54
193
63
119
113
178
79
65
29
107
71
195
83
191
39
171
22
23
101
45
143
163
199
62
13
63
53
30
183
145
52
187
97
138
183
50
43
97
169
181
165
54
30
31
108
55
133
155
167
17
42
91
41
19
62
171
165
49
171
187
13
31
17
61
55
25
41
77
195
37
52
195
123
187
99
185
66
37
71
25
191
27
45
101
121
77
71
153
22
175
197
198
65
67
181
79
71
65
61
155
39
31
23
189
199
90
71
157
127
145
131
137
33
49
140
125
36
19
65
87
185
53
37
191
75
151
88
162
21
193
145
197
57
155
187
147
23
52
137
173
143
13
99
35
153
187
63
69
55
39
25
81
149
79
96
19
37
41
57
99
83
121
39
73
17
23
16
199
19
85
52
193
93
54
71
29
33
61
119
43
124
23
161
25
11
127
191
33
52
67
52
191
44
45
195
109
43
139
14
85
65
165
129
29
197
57
147
20
53
199
152
153
77
183
123
181
197
199
97
59
164
56
155
64
97
91
0
10
31
151
199
38
49
65
61
14
93
16
121
73
125
175
167
155
71
47
167
183
177
109
2
197
88
61
54
34
83
197
25
107
194
130
41
199
85
19
39
197
27
25
48
53
11
199
51
49
33
71
45
85
151
33
15
73
61
103
58
65
161
55
131
99
151
35
75
111
101
135
59
137
33
65
91
17
55
75
173
105
193
197
95
25
51
91
125
65
81
198
113
39
123
63
79
21
149
47
135
47
199
199
98
199
2
51
53
15
145
199
111
139
143
53
199
198
37
144
161
191
37
145
157
47
49
89
59
115
157
21
63
195
23
111
25
55
16
61
69
53
138
125
121
87
29
181
23
129
121
127
122
101
110
79
33
41
26
139
83
177
0
137
37
105
139
25
67
195
59
15
145
23
12
169
33
17
23
69
79
127
133
131
152
160
44
17
177
117
2
23
75
101
29
101
15
119
153
50
133
195
17
159
141
113
109
107
93
177
189
57
83
66
199
7
189
55
69
108
57
153
13
81
55
115
39
84
189
17
67
157
2
163
29
115
69
137
4
153
36
45
89
196
31
27
23
163
123
65
183
137
155
163
101
35
127
52
93
193
137
13
189
191
181
82
41
73
52
27
13
123
105
57
53
80
33
41
29
113
55
85
15
169
63
10
171
153
184
81
81
183
118
193
189
81
55
15
85
23
33
99
199
137
99
85
21
16
179
69
131
187
49
46
27
133
65
63
17
11
133
2
39
161
171
173
31
2
197
39
54
55
177
47
193
159
99
55
172
81
175
17
13
37
117
123
35
137
19
160
14
34
45
146
175
130
27
171
65
197
121
35
61
81
17
191
197
171
177
37
110
35
197
79
199
173
137
193
119
57
47
117
73
156
11
185
47
95
91
121
87
109
132
115
65
141
75
61
56
49
81
139
179
29
57
128
149
156
115
101
52
71
143
113
53
199
125
23
169
113
87
181
65
137
145
185
103
105
55
44
55
195
47
27
99
191
53
49
67
103
91
59
145
183
47
55
25
179
157
103
155
197
77
199
32
173
63
35
127
35
14
181
144
63
21
13
10
137
97
54
187
63
85
197
111
69
149
49
119
154
155
152
123
135
101
89
31
69
58
155
41
97
133
133
62
81
63
168
181
77
11
21
165
99
39
35
147
47
68
185
134
111
195
153
57
57
195
191
91
137
123
155
85
159
199
142
197
69
17
129
17
113
57
72
29
11
113
183
29
13
198
187
33
21
115
105
111
49
45
41
15
41
197
25
39
57
44
139
25
79
183
61
67
193
33
36
175
16
55
23
37
15
67
28
83
97
181
19
173
187
191
167
114
51
72
79
126
71
51
65
97
167
63
151
19
31
105
39
141
55
71
25
83
197
183
133
39
108
197
47
10
129
89
135
115
73
26
167
43
69
64
141
15
179
41
191
26
72
165
33
69
89
115
93
21
183
165
127
191
199
199
85
127
175
64
18
197
95
157
27
123
25
165
81
139
66
15
35
191
25
171
141
17
111
26
33
171
31
37
132
48
137
23
37
45
195
90
193
25
81
112
19
193
71
89
69
57
169
51
193
49
95
55
141
123
56
162
51
57
174
84
169
169
45
126
133
25
11
149
199
71
58
173
147
137
4
99
145
75
91
189
29
175
177
131
71
25
43
47
49
37
189
113
115
149
137
141
134
188
29
21
177
119
37
199
23
9
131
53
179
172
29
45
73
159
101
29
199
53
39
20
51
179
123
85
51
155
143
37
50
191
39
15
17
53
171
51
49
103
53
150
161
115
41
166
133
169
81
13
193
83
173
113
117
183
199
67
77
147
198
10
37
143
21
20
151
25
45
41
91
69
15
45
32
190
153
33
35
43
195
81
65
182
169
47
3
45
199
25
13
167
125
145
175
158
173
128
67
19
75
197
175
197
27
165
123
151
30
199
55
195
173
83
17
63
53
21
75
143
129
19
75
14
105
178
169
168
37
21
99
23
27
193
89
183
4
41
13
105
194
199
59
197
31
85
128
187
127
77
23
65
137
161
65
35
131
13
109
91
123
69
43
27
89
89
80
119
55
165
135
15
15
151
30
21
91
23
163
50
55
29
93
47
171
27
53
187
155
55
165
41
79
15
161
141
31
177
31
41
127
20
121
101
94
149
185
71
59
103
33
39
140
33
117
19
86
79
197
89
71
195
25
157
13
13
185
89
28
82
185
75
154
43
97
45
197
181
23
47
107
57
191
179
197
83
41
171
21
3
193
135
73
143
43
191
189
79
73
63
99
199
48
47
104
43
175
70
103
67
183
199
37
185
47
53
199
51
189
53
19
166
47
159
107
17
37
75
99
73
99
93
109
191
37
27
175
121
198
111
51
125
23
67
127
79
195
39
101
43
187
69
112
63
131
59
159
117
13
15
189
151
193
198
35
25
197
77
79
151
115
179
88
59
81
187
85
51
57
49
133
87
139
60
137
156
63
47
160
25
89
19
29
54
19
23
13
67
103
100
197
22
144
184
99
66
35
47
195
25
27
33
179
58
173
51
80
35
21
34
165
49
89
43
141
10
177
23
21
4
197
27
33
39
11
11
115
69
139
173
121
67
129
141
129
177
107
25
26
23
11
159
137
119
175
21
41
151
141
129
13
25
45
62
121
113
47
33
39
37
21
105
91
67
41
39
191
35
165
4
17
63
21
161
78
107
111
34
19
25
177
65
63
4
51
29
47
49
69
60
65
143
125
19
25
51
159
145
73
49
125
105
77
103
63
187
27
199
125
97
32
169
15
97
62
76
41
57
163
53
173
45
175
187
35
12
181
199
11
99
55
33
32
110
47
125
45
199
26
179
17
37
152
66
33
83
25
24
191
123
43
81
80
151
65
45
15
134
93
